60 276
60 275
60 274
60 273
60 272
60 271
60 270
61 293
61 292
61 291
61 290
61 289
61 288
61 287
61 286
61 285
61 284
61 283
61 282
61 281
61 280
61 279
61 278
61 277
61 276
61 275
61 274
61 273
61 272
61 271
61 270
61 269
61 268
61 267
61 266
61 265
61 264
61 263
61 262
61 261
61 260
61 259
61 258
61 257
61 256
61 255
61 254
61 253
62 303
62 302
62 301
62 300
62 299
62 298
62 297
62 296
62 295
62 294
62 293
62 292
62 291
62 290
62 289
62 288
62 287
62 286
62 285
62 284
62 283
62 282
62 281
62 280
62 279
62 278
62 277
62 276
62 275
62 274
62 273
62 272
62 271
62 270
62 269
62 268
62 267
62 266
62 265
62 264
62 263
62 262
62 261
62 260
62 259
62 258
62 257
62 256
62 255
62 254
62 253
62 252
62 251
62 250
62 249
62 248
62 247
62 246
62 245
62 244
63 309
63 308
63 307
63 306
63 305
63 304
63 303
63 302
63 301
63 300
63 299
63 298
63 297
63 296
63 295
63 294
63 293
63 292
63 291
63 290
63 289
63 288
63 287
63 286
63 285
63 284
63 283
63 282
63 281
63 280
63 279
63 278
63 277
63 276
63 275
63 274
63 273
63 272
63 271
63 270
63 269
63 268
63 267
63 266
63 265
63 264
63 263
63 262
63 261
63 260
63 259
63 258
63 257
63 256
63 255
63 254
63 253
63 252
63 251
63 250
63 249
63 248
63 247
63 246
63 245
63 244
63 243
63 242
63 241
63 240
63 239
63 238
64 315
64 314
64 313
64 312
64 311
64 310
64 309
64 308
64 307
64 306
64 305
64 304
64 303
64 302
64 301
64 300
64 299
64 298
64 297
64 296
64 295
64 294
64 293
64 292
64 291
64 290
64 289
64 288
64 287
64 286
64 285
64 284
64 283
64 282
64 281
64 280
64 279
64 278
64 277
64 276
64 275
64 274
64 273
64 272
64 271
64 270
64 269
64 268
64 267
64 266
64 265
64 264
64 263
64 262
64 261
64 260
64 259
64 258
64 257
64 256
64 255
64 254
64 253
64 252
64 251
64 250
64 249
64 248
64 247
64 246
64 245
64 244
64 243
64 242
64 241
64 240
64 239
64 238
64 237
64 236
64 235
64 234
64 233
65 321
65 320
65 319
65 318
65 317
65 316
65 315
65 314
65 313
65 312
65 311
65 310
65 309
65 308
65 307
65 306
65 305
65 304
65 303
65 302
65 301
65 300
65 299
65 298
65 297
65 296
65 295
65 294
65 293
65 292
65 291
65 290
65 289
65 288
65 287
65 286
65 285
65 284
65 283
65 282
65 281
65 280
65 279
65 278
65 277
65 268
65 267
65 266
65 265
65 264
65 263
65 262
65 261
65 260
65 259
65 258
65 257
65 256
65 255
65 254
65 253
65 252
65 251
65 250
65 249
65 248
65 247
65 246
65 245
65 244
65 243
65 242
65 241
65 240
65 239
65 238
65 237
65 236
65 235
65 234
65 233
65 232
65 231
65 230
65 229
65 228
66 325
66 324
66 323
66 322
66 321
66 320
66 319
66 318
66 317
66 316
66 315
66 314
66 313
66 312
66 311
66 310
66 309
66 308
66 307
66 306
66 305
66 304
66 303
66 302
66 301
66 300
66 299
66 298
66 297
66 296
66 295
66 294
66 252
66 251
66 250
66 249
66 248
66 247
66 246
66 245
66 244
66 243
66 242
66 241
66 240
66 239
66 238
66 237
66 236
66 235
66 234
66 233
66 232
66 231
66 230
66 229
66 228
66 227
66 226
66 225
66 224
67 329
67 328
67 327
67 326
67 325
67 324
67 323
67 322
67 321
67 320
67 319
67 318
67 317
67 316
67 315
67 314
67 313
67 312
67 311
67 310
67 309
67 308
67 307
67 306
67 305
67 304
67 243
67 242
67 241
67 240
67 239
67 238
67 237
67 236
67 235
67 234
67 233
67 232
67 231
67 230
67 229
67 228
67 227
67 226
67 225
67 224
67 223
67 222
67 221
67 220
68 333
68 332
68 331
68 330
68 329
68 328
68 327
68 326
68 325
68 324
68 323
68 322
68 321
68 320
68 319
68 318
68 317
68 316
68 315
68 314
68 313
68 312
68 311
68 310
68 238
68 237
68 236
68 235
68 234
68 233
68 232
68 231
68 230
68 229
68 228
68 227
68 226
68 225
68 224
68 223
68 222
68 221
68 220
68 219
68 218
68 217
68 216
69 337
69 336
69 335
69 334
69 333
69 332
69 331
69 330
69 329
69 328
69 327
69 326
69 325
69 324
69 323
69 322
69 321
69 320
69 319
69 318
69 317
69 316
69 232
69 231
69 230
69 229
69 228
69 227
69 226
69 225
69 224
69 223
69 222
69 221
69 220
69 219
69 218
69 217
69 216
69 215
69 214
69 213
70 338
70 337
70 336
70 335
70 334
70 333
70 332
70 331
70 330
70 329
70 328
70 327
70 326
70 325
70 324
70 323
70 322
70 321
70 228
70 227
70 226
70 225
70 224
70 223
70 222
70 221
70 220
70 219
70 218
70 217
70 216
70 215
70 214
70 213
70 212
70 211
70 210
71 338
71 337
71 336
71 335
71 334
71 333
71 332
71 331
71 330
71 329
71 328
71 327
71 326
71 325
71 224
71 223
71 222
71 221
71 220
71 219
71 218
71 217
71 216
71 215
71 214
71 213
71 212
71 211
71 210
71 209
71 208
71 207
72 338
72 337
72 336
72 335
72 334
72 333
72 332
72 331
72 330
72 219
72 218
72 217
72 216
72 215
72 214
72 213
72 212
72 211
72 210
72 209
72 208
72 207
72 206
72 205
72 204
73 337
73 336
73 335
73 334
73 216
73 215
73 214
73 213
73 212
73 211
73 210
73 209
73 208
73 207
73 206
73 205
73 204
73 203
73 202
74 213
74 212
74 211
74 210
74 209
74 208
74 207
74 206
74 205
74 204
74 203
74 202
74 201
74 200
74 199
75 210
75 209
75 208
75 207
75 206
75 205
75 204
75 203
75 202
75 201
75 200
75 199
75 198
75 197
76 207
76 206
76 205
76 204
76 203
76 202
76 201
76 200
76 199
76 198
76 197
76 196
76 195
76 194
77 204
77 203
77 202
77 201
77 200
77 199
77 198
77 197
77 196
77 195
77 194
77 193
77 192
78 202
78 201
78 200
78 199
78 198
78 197
78 196
78 195
78 194
78 193
78 192
78 191
78 190
79 199
79 198
79 197
79 196
79 195
79 194
79 193
79 192
79 191
79 190
79 189
79 188
80 197
80 196
80 195
80 194
80 193
80 192
80 191
80 190
80 189
80 188
80 187
80 186
81 194
81 193
81 192
81 191
81 190
81 189
81 188
81 187
81 186
81 185
81 184
82 192
82 191
82 190
82 189
82 188
82 187
82 186
82 185
82 184
82 183
82 182
83 190
83 189
83 188
83 187
83 186
83 185
83 184
83 183
83 182
83 181
83 180
84 188
84 187
84 186
84 185
84 184
84 183
84 182
84 181
84 180
84 179
84 178
85 186
85 185
85 184
85 183
85 182
85 181
85 180
85 179
85 178
85 177
85 176
86 184
86 183
86 182
86 181
86 180
86 179
86 178
86 177
86 176
86 175
86 174
87 182
87 181
87 180
87 179
87 178
87 177
87 176
87 175
87 174
87 173
88 180
88 179
88 178
88 177
88 176
88 175
88 174
88 173
88 172
88 171
89 178
89 177
89 176
89 175
89 174
89 173
89 172
89 171
89 170
90 177
90 176
90 175
90 174
90 173
90 172
90 171
90 170
90 169
90 168
91 175
91 174
91 173
91 172
91 171
91 170
91 169
91 168
91 167
92 173
92 172
92 171
92 170
92 169
92 168
92 167
92 166
92 165
93 172
93 171
93 170
93 169
93 168
93 167
93 166
93 165
93 164
94 170
94 169
94 168
94 167
94 166
94 165
94 164
94 163
95 169
95 168
95 167
95 166
95 165
95 164
95 163
95 162
95 161
96 167
96 166
96 165
96 164
96 163
96 162
96 161
96 160
97 166
97 165
97 164
97 163
97 162
97 161
97 160
97 159
97 158
98 165
98 164
98 163
98 162
98 161
98 160
98 159
98 158
98 157
99 163
99 162
99 161
99 160
99 159
99 158
99 157
99 156
100 162
100 161
100 160
100 159
100 158
100 157
100 156
100 155
101 160
101 159
101 158
101 157
101 156
101 155
101 154
102 159
102 158
102 157
102 156
102 155
102 154
102 153
102 152
103 158
103 157
103 156
103 155
103 154
103 153
103 152
103 151
104 157
104 156
104 155
104 154
104 153
104 152
104 151
104 150
105 156
105 155
105 154
105 153
105 152
105 151
105 150
105 149
106 154
106 153
106 152
106 151
106 150
106 149
106 148
107 153
107 152
107 151
107 150
107 149
107 148
107 147
108 152
108 151
108 150
108 149
108 148
108 147
108 146
109 151
109 150
109 149
109 148
109 147
109 146
109 145
110 150
110 149
110 148
110 147
110 146
110 145
110 144
111 149
111 148
111 147
111 146
111 145
111 144
111 143
112 148
112 147
112 146
112 145
112 144
112 143
112 142
113 147
113 146
113 145
113 144
113 143
113 142
113 141
114 146
114 145
114 144
114 143
114 142
114 141
114 140
115 145
115 144
115 143
115 142
115 141
115 140
115 139
116 144
116 143
116 142
116 141
116 140
116 139
117 143
117 142
117 141
117 140
117 139
117 138
118 142
118 141
118 140
118 139
118 138
118 137
119 142
119 141
119 140
119 139
119 138
119 137
119 136
120 141
120 140
120 139
120 138
120 137
120 136
120 135
121 140
121 139
121 138
121 137
121 136
121 135
122 139
122 138
122 137
122 136
122 135
122 134
123 138
123 137
123 136
123 135
123 134
123 133
124 138
124 137
124 136
124 135
124 134
124 133
125 137
125 136
125 135
125 134
125 133
125 132
126 136
126 135
126 134
126 133
126 132
126 131
127 136
127 135
127 134
127 133
127 132
127 131
128 135
128 134
128 133
128 132
128 131
128 130
129 134
129 133
129 132
129 131
129 130
129 129
130 134
130 133
130 132
130 131
130 130
130 129
131 133
131 132
131 131
131 130
131 129
131 128
132 132
132 131
132 130
132 129
132 128
133 132
133 131
133 130
133 129
133 128
133 127
134 131
134 130
134 129
134 128
134 127
135 131
135 130
135 129
135 128
135 127
135 126
136 130
136 129
136 128
136 127
136 126
137 130
137 129
137 128
137 127
137 126
138 130
138 129
138 128
138 127
138 126
138 125
139 129
139 128
139 127
139 126
139 125
140 129
140 128
140 127
140 126
140 125
141 129
141 128
141 127
141 126
141 125
141 124
142 128
142 127
142 126
142 125
142 124
143 128
143 127
143 126
143 125
143 124
144 128
144 127
144 126
144 125
144 124
145 128
145 127
145 126
145 125
145 124
146 128
146 127
146 126
146 125
146 124
147 128
147 127
147 126
147 125
147 124
148 128
148 127
148 126
148 125
148 124
149 128
149 127
149 126
149 125
149 124
150 128
150 127
150 126
150 125
150 124
151 128
151 127
151 126
151 125
151 124
152 128
152 127
152 126
152 125
152 124
153 128
153 127
153 126
153 125
153 124
154 173
154 172
154 171
154 129
154 128
154 127
154 126
154 125
154 124
155 174
155 173
155 172
155 171
155 170
155 169
155 168
155 129
155 128
155 127
155 126
155 125
156 174
156 173
156 172
156 171
156 170
156 169
156 168
156 167
156 166
156 165
156 130
156 129
156 128
156 127
156 126
156 125
157 174
157 173
157 172
157 171
157 170
157 169
157 168
157 167
157 166
157 165
157 164
157 163
157 131
157 130
157 129
157 128
157 127
157 126
158 173
158 172
158 171
158 170
158 169
158 168
158 167
158 166
158 165
158 164
158 163
158 162
158 161
158 160
158 159
158 132
158 131
158 130
158 129
158 128
158 127
158 126
159 171
159 170
159 169
159 168
159 167
159 166
159 165
159 164
159 163
159 162
159 161
159 160
159 159
159 158
159 157
159 156
159 155
159 134
159 133
159 132
159 131
159 130
159 129
159 128
159 127
160 168
160 167
160 166
160 165
160 164
160 163
160 162
160 161
160 160
160 159
160 158
160 157
160 156
160 155
160 154
160 153
160 152
160 151
160 150
160 137
160 136
160 135
160 134
160 133
160 132
160 131
160 130
160 129
160 128
161 165
161 164
161 163
161 162
161 161
161 160
161 159
161 158
161 157
161 156
161 155
161 154
161 153
161 152
161 151
161 150
161 149
161 148
161 147
161 146
161 145
161 144
161 143
161 142
161 141
161 140
161 139
161 138
161 137
161 136
161 135
161 134
161 133
161 132
161 131
161 130
161 129
162 162
162 161
162 160
162 159
162 158
162 157
162 156
162 155
162 154
162 153
162 152
162 151
162 150
162 149
162 148
162 147
162 146
162 145
162 144
162 143
162 142
162 141
162 140
162 139
162 138
162 137
162 136
162 135
162 134
162 133
162 132
162 131
162 130
163 159
163 158
163 157
163 156
163 155
163 154
163 153
163 152
163 151
163 150
163 149
163 148
163 147
163 146
163 145
163 144
163 143
163 142
163 141
163 140
163 139
163 138
163 137
163 136
163 135
163 134
163 133
163 132
164 155
164 154
164 153
164 152
164 151
164 150
164 149
164 148
164 147
164 146
164 145
164 144
164 143
164 142
164 141
164 140
164 139
164 138
164 137
164 136
164 135
164 134
165 149
165 148
165 147
165 146
165 145
165 144
165 143
165 142
165 141
165 140
165 139
165 138
241 295
241 294
241 293
241 292
241 291
242 296
242 295
242 294
242 293
242 292
242 291
242 290
242 289
242 288
242 287
242 286
242 285
243 296
243 295
243 294
243 293
243 292
243 291
243 290
243 289
243 288
243 287
243 286
243 285
243 284
243 283
243 282
243 281
243 280
243 279
243 278
244 296
244 295
244 294
244 293
244 292
244 291
244 290
244 289
244 288
244 287
244 286
244 285
244 284
244 283
244 282
244 281
244 280
244 279
244 278
244 277
244 276
244 275
244 274
244 273
244 272
244 271
245 295
245 294
245 293
245 292
245 291
245 290
245 289
245 288
245 287
245 286
245 285
245 284
245 283
245 282
245 281
245 280
245 279
245 278
245 277
245 276
245 275
245 274
245 273
245 272
245 271
245 270
245 269
245 268
245 267
245 266
245 265
246 291
246 290
246 289
246 288
246 287
246 286
246 285
246 284
246 283
246 282
246 281
246 280
246 279
246 278
246 277
246 276
246 275
246 274
246 273
246 272
246 271
246 270
246 269
246 268
246 267
246 266
246 265
246 264
246 263
246 262
246 261
246 260
246 259
246 258
247 284
247 283
247 282
247 281
247 280
247 279
247 278
247 277
247 276
247 275
247 274
247 273
247 272
247 271
247 270
247 269
247 268
247 267
247 266
247 265
247 264
247 263
247 262
247 261
247 260
247 259
247 258
247 257
247 256
247 255
247 254
247 253
247 252
248 277
248 276
248 275
248 274
248 273
248 272
248 271
248 270
248 269
248 268
248 267
248 266
248 265
248 264
248 263
248 262
248 261
248 260
248 259
248 258
248 257
248 256
248 255
248 254
248 253
248 252
248 251
248 250
248 249
248 248
248 247
248 246
248 245
249 271
249 270
249 269
249 268
249 267
249 266
249 265
249 264
249 263
249 262
249 261
249 260
249 259
249 258
249 257
249 256
249 255
249 254
249 253
249 252
249 251
249 250
249 249
249 248
249 247
249 246
249 245
249 244
249 243
249 242
249 241
249 240
249 239
249 238
250 264
250 263
250 262
250 261
250 260
250 259
250 258
250 257
250 256
250 255
250 254
250 253
250 252
250 251
250 250
250 249
250 248
250 247
250 246
250 245
250 244
250 243
250 242
250 241
250 240
250 239
250 238
250 237
250 236
250 235
250 234
250 233
250 232
251 258
251 257
251 256
251 255
251 254
251 253
251 252
251 251
251 250
251 249
251 248
251 247
251 246
251 245
251 244
251 243
251 242
251 241
251 240
251 239
251 238
251 237
251 236
251 235
251 234
251 233
251 232
251 231
251 230
251 229
251 228
251 227
251 226
251 225
252 251
252 250
252 249
252 248
252 247
252 246
252 245
252 244
252 243
252 242
252 241
252 240
252 239
252 238
252 237
252 236
252 235
252 234
252 233
252 232
252 231
252 230
252 229
252 228
252 227
252 226
252 225
252 224
252 223
252 222
252 221
252 220
252 219
253 244
253 243
253 242
253 241
253 240
253 239
253 238
253 237
253 236
253 235
253 234
253 233
253 232
253 231
253 230
253 229
253 228
253 227
253 226
253 225
253 224
253 223
253 222
253 221
253 220
253 219
253 218
253 217
253 216
253 215
253 214
253 213
253 212
253 64
253 63
253 62
254 238
254 237
254 236
254 235
254 234
254 233
254 232
254 231
254 230
254 229
254 228
254 227
254 226
254 225
254 224
254 223
254 222
254 221
254 220
254 219
254 218
254 217
254 216
254 215
254 214
254 213
254 212
254 211
254 210
254 209
254 208
254 207
254 206
254 205
254 65
254 64
254 63
254 62
254 61
255 231
255 230
255 229
255 228
255 227
255 226
255 225
255 224
255 223
255 222
255 221
255 220
255 219
255 218
255 217
255 216
255 215
255 214
255 213
255 212
255 211
255 210
255 209
255 208
255 207
255 206
255 205
255 204
255 203
255 202
255 201
255 200
255 199
255 65
255 64
255 63
255 62
255 61
256 224
256 223
256 222
256 221
256 220
256 219
256 218
256 217
256 216
256 215
256 214
256 213
256 212
256 211
256 210
256 209
256 208
256 207
256 206
256 205
256 204
256 203
256 202
256 201
256 200
256 199
256 198
256 197
256 196
256 195
256 194
256 193
256 192
256 65
256 64
256 63
256 62
256 61
257 218
257 217
257 216
257 215
257 214
257 213
257 212
257 211
257 210
257 209
257 208
257 207
257 206
257 205
257 204
257 203
257 202
257 201
257 200
257 199
257 198
257 197
257 196
257 195
257 194
257 193
257 192
257 191
257 190
257 189
257 188
257 187
257 186
257 185
257 65
257 64
257 63
257 62
257 61
258 211
258 210
258 209
258 208
258 207
258 206
258 205
258 204
258 203
258 202
258 201
258 200
258 199
258 198
258 197
258 196
258 195
258 194
258 193
258 192
258 191
258 190
258 189
258 188
258 187
258 186
258 185
258 184
258 183
258 182
258 181
258 180
258 179
258 65
258 64
258 63
258 62
258 61
259 205
259 204
259 203
259 202
259 201
259 200
259 199
259 198
259 197
259 196
259 195
259 194
259 193
259 192
259 191
259 190
259 189
259 188
259 187
259 186
259 185
259 184
259 183
259 182
259 181
259 180
259 179
259 178
259 177
259 176
259 175
259 174
259 173
259 172
259 65
259 64
259 63
259 62
259 61
260 198
260 197
260 196
260 195
260 194
260 193
260 192
260 191
260 190
260 189
260 188
260 187
260 186
260 185
260 184
260 183
260 182
260 181
260 180
260 179
260 178
260 177
260 176
260 175
260 174
260 173
260 172
260 171
260 170
260 169
260 168
260 167
260 166
260 65
260 64
260 63
260 62
260 61
261 191
261 190
261 189
261 188
261 187
261 186
261 185
261 184
261 183
261 182
261 181
261 180
261 179
261 178
261 177
261 176
261 175
261 174
261 173
261 172
261 171
261 170
261 169
261 168
261 167
261 166
261 165
261 164
261 163
261 162
261 161
261 160
261 159
261 65
261 64
261 63
261 62
261 61
262 185
262 184
262 183
262 182
262 181
262 180
262 179
262 178
262 177
262 176
262 175
262 174
262 173
262 172
262 171
262 170
262 169
262 168
262 167
262 166
262 165
262 164
262 163
262 162
262 161
262 160
262 159
262 158
262 157
262 156
262 155
262 154
262 153
262 152
262 65
262 64
262 63
262 62
262 61
263 178
263 177
263 176
263 175
263 174
263 173
263 172
263 171
263 170
263 169
263 168
263 167
263 166
263 165
263 164
263 163
263 162
263 161
263 160
263 159
263 158
263 157
263 156
263 155
263 154
263 153
263 152
263 151
263 150
263 149
263 148
263 147
263 146
263 64
263 63
263 62
263 61
263 60
264 172
264 171
264 170
264 169
264 168
264 167
264 166
264 165
264 164
264 163
264 162
264 161
264 160
264 159
264 158
264 157
264 156
264 155
264 154
264 153
264 152
264 151
264 150
264 149
264 148
264 147
264 146
264 145
264 144
264 143
264 142
264 141
264 64
264 63
264 62
264 61
264 60
265 165
265 164
265 163
265 162
265 161
265 160
265 159
265 158
265 157
265 156
265 155
265 154
265 153
265 152
265 151
265 150
265 149
265 148
265 147
265 146
265 145
265 144
265 143
265 142
265 141
265 140
265 64
265 63
265 62
265 61
265 60
266 158
266 157
266 156
266 155
266 154
266 153
266 152
266 151
266 150
266 149
266 148
266 147
266 146
266 145
266 144
266 143
266 142
266 141
266 140
266 64
266 63
266 62
266 61
266 60
267 152
267 151
267 150
267 149
267 148
267 147
267 146
267 145
267 144
267 143
267 142
267 141
267 140
267 64
267 63
267 62
267 61
267 60
268 145
268 144
268 143
268 142
268 141
268 64
268 63
268 62
268 61
268 60
269 64
269 63
269 62
269 61
269 60
270 64
270 63
270 62
270 61
270 60
271 64
271 63
271 62
271 61
271 60
272 64
272 63
272 62
272 61
272 60
273 64
273 63
273 62
273 61
273 60
274 64
274 63
274 62
274 61
274 60
275 64
275 63
275 62
275 61
275 60
276 64
276 63
276 62
276 61
276 60
277 64
277 63
277 62
277 61
277 60
278 64
278 63
278 62
278 61
278 60
279 63
279 62
279 61
279 60
280 63
280 62
280 61
280 60
280 59
281 63
281 62
281 61
281 60
281 59
282 63
282 62
282 61
282 60
282 59
283 63
283 62
283 61
283 60
283 59
284 63
284 62
284 61
284 60
284 59
285 63
285 62
285 61
285 60
285 59
286 63
286 62
286 61
286 60
286 59
287 63
287 62
287 61
287 60
287 59
288 63
288 62
288 61
288 60
288 59
289 63
289 62
289 61
289 60
289 59
290 63
290 62
290 61
290 60
290 59
291 63
291 62
291 61
291 60
291 59
292 63
292 62
292 61
292 60
292 59
293 63
293 62
293 61
293 60
293 59
294 63
294 62
294 61
294 60
294 59
295 63
295 62
295 61
295 60
295 59
296 63
296 62
296 61
296 60
296 59
297 63
297 62
297 61
297 60
297 59
298 63
298 62
298 61
298 60
298 59
299 62
299 61
299 60
299 59
300 62
300 61
300 60
300 59
300 58
301 62
301 61
301 60
301 59
301 58
302 62
302 61
302 60
302 59
302 58
303 62
303 61
303 60
303 59
303 58
304 62
304 61
304 60
304 59
304 58
305 62
305 61
305 60
305 59
305 58
306 62
306 61
306 60
306 59
306 58
307 62
307 61
307 60
307 59
307 58
308 62
308 61
308 60
308 59
308 58
309 62
309 61
309 60
309 59
309 58
310 62
310 61
310 60
310 59
310 58
311 62
311 61
311 60
311 59
311 58
312 62
312 61
312 60
312 59
312 58
313 62
313 61
313 60
313 59
313 58
314 62
314 61
314 60
314 59
314 58
315 62
315 61
315 60
315 59
315 58
316 62
316 61
316 60
316 59
316 58
317 62
317 61
317 60
317 59
317 58
318 62
318 61
318 60
318 59
318 58
319 62
319 61
319 60
319 59
319 58
320 62
320 61
320 60
320 59
320 58
321 62
321 61
321 60
321 59
321 58
322 62
322 61
322 60
322 59
322 58
323 62
323 61
323 60
323 59
323 58
324 62
324 61
324 60
324 59
324 58
325 62
325 61
325 60
325 59
325 58
326 62
326 61
326 60
326 59
326 58
327 61
327 60
327 59
327 58
327 57
328 61
328 60
328 59
328 58
328 57
329 61
329 60
329 59
329 58
329 57
330 61
330 60
330 59
330 58
330 57
331 61
331 60
331 59
331 58
331 57
332 61
332 60
332 59
332 58
332 57
333 61
333 60
333 59
333 58
333 57
334 61
334 60
334 59
334 58
334 57
335 61
335 60
335 59
335 58
335 57
336 61
336 60
336 59
336 58
336 57
337 61
337 60
337 59
337 58
337 57
338 61
338 60
338 59
338 58
338 57
339 61
339 60
339 59
339 58
339 57
340 61
340 60
340 59
340 58
340 57
341 61
341 60
341 59
341 58
341 57
342 61
342 60
342 59
342 58
342 57
343 61
343 60
343 59
343 58
343 57
344 61
344 60
344 59
344 58
344 57
345 61
345 60
345 59
345 58
345 57
346 61
346 60
346 59
346 58
346 57
347 61
347 60
347 59
347 58
347 57
348 61
348 60
348 59
348 58
348 57
349 61
349 60
349 59
349 58
349 57
350 61
350 60
350 59
350 58
350 57
351 61
351 60
351 59
351 58
351 57
352 61
352 60
352 59
352 58
352 57
353 61
353 60
353 59
353 58
353 57
354 61
354 60
354 59
354 58
354 57
355 61
355 60
355 59
355 58
355 57
356 61
356 60
356 59
356 58
356 57
357 61
357 60
357 59
357 58
357 57
358 61
358 60
358 59
358 58
358 57
359 61
359 60
359 59
359 58
359 57
360 61
360 60
360 59
360 58
360 57
361 61
361 60
361 59
361 58
361 57
362 61
362 60
362 59
362 58
362 57
363 61
363 60
363 59
363 58
363 57
364 61
364 60
364 59
364 58
364 57
365 61
365 60
365 59
365 58
365 57
366 61
366 60
366 59
366 58
366 57
367 61
367 60
367 59
367 58
367 57
368 61
368 60
368 59
368 58
368 57
369 61
369 60
369 59
369 58
369 57
370 61
370 60
370 59
370 58
370 57
371 61
371 60
371 59
371 58
371 57
372 61
372 60
372 59
372 58
372 57
373 61
373 60
373 59
373 58
373 57
374 61
374 60
374 59
374 58
374 57
375 61
375 60
375 59
375 58
375 57
376 61
376 60
376 59
376 58
376 57
377 61
377 60
377 59
377 58
377 57
378 61
378 60
378 59
378 58
378 57
379 61
379 60
379 59
379 58
379 57
380 61
380 60
380 59
380 58
380 57
381 61
381 60
381 59
381 58
381 57
382 61
382 60
382 59
382 58
382 57
383 61
383 60
383 59
383 58
383 57
384 61
384 60
384 59
384 58
384 57
385 61
385 60
385 59
385 58
385 57
386 61
386 60
386 59
386 58
386 57
387 61
387 60
387 59
387 58
387 57
388 61
388 60
388 59
388 58
388 57
389 61
389 60
389 59
389 58
389 57
390 90
390 89
390 88
390 61
390 60
390 59
390 58
390 57
391 91
391 90
391 89
391 88
391 87
391 61
391 60
391 59
391 58
391 57
392 91
392 90
392 89
392 88
392 87
392 61
392 60
392 59
392 58
392 57
393 91
393 90
393 89
393 88
393 87
393 61
393 60
393 59
393 58
393 57
394 91
394 90
394 89
394 88
394 87
394 61
394 60
394 59
394 58
394 57
395 91
395 90
395 89
395 88
395 87
395 61
395 60
395 59
395 58
395 57
396 91
396 90
396 89
396 88
396 87
396 61
396 60
396 59
396 58
396 57
397 91
397 90
397 89
397 88
397 87
397 61
397 60
397 59
397 58
397 57
398 91
398 90
398 89
398 88
398 87
398 61
398 60
398 59
398 58
398 57
399 271
399 270
399 269
399 91
399 90
399 89
399 88
399 87
399 61
399 60
399 59
399 58
399 57
400 272
400 271
400 270
400 269
400 268
400 91
400 90
400 89
400 88
400 87
400 61
400 60
400 59
400 58
400 57
401 272
401 271
401 270
401 269
401 268
401 91
401 90
401 89
401 88
401 87
401 61
401 60
401 59
401 58
401 57
402 272
402 271
402 270
402 269
402 268
402 91
402 90
402 89
402 88
402 87
402 61
402 60
402 59
402 58
402 57
403 273
403 272
403 271
403 270
403 269
403 91
403 90
403 89
403 88
403 87
403 61
403 60
403 59
403 58
403 57
404 273
404 272
404 271
404 270
404 269
404 91
404 90
404 89
404 88
404 87
404 61
404 60
404 59
404 58
404 57
405 273
405 272
405 271
405 270
405 269
405 91
405 90
405 89
405 88
405 87
405 61
405 60
405 59
405 58
405 57
406 274
406 273
406 272
406 271
406 270
406 91
406 90
406 89
406 88
406 87
406 61
406 60
406 59
406 58
406 57
407 274
407 273
407 272
407 271
407 270
407 91
407 90
407 89
407 88
407 87
407 61
407 60
407 59
407 58
407 57
408 275
408 274
408 273
408 272
408 271
408 270
408 91
408 90
408 89
408 88
408 87
408 61
408 60
408 59
408 58
408 57
409 275
409 274
409 273
409 272
409 271
409 91
409 90
409 89
409 88
409 87
409 61
409 60
409 59
409 58
409 57
410 275
410 274
410 273
410 272
410 271
410 91
410 90
410 89
410 88
410 87
410 61
410 60
410 59
410 58
410 57
411 276
411 275
411 274
411 273
411 272
411 271
411 91
411 90
411 89
411 88
411 87
411 61
411 60
411 59
411 58
411 57
412 276
412 275
412 274
412 273
412 272
412 91
412 90
412 89
412 88
412 87
412 61
412 60
412 59
412 58
412 57
413 276
413 275
413 274
413 273
413 272
413 91
413 90
413 89
413 88
413 87
413 61
413 60
413 59
413 58
413 57
414 277
414 276
414 275
414 274
414 273
414 272
414 91
414 90
414 89
414 88
414 87
414 61
414 60
414 59
414 58
414 57
415 277
415 276
415 275
415 274
415 273
415 91
415 90
415 89
415 88
415 87
415 61
415 60
415 59
415 58
415 57
416 277
416 276
416 275
416 274
416 273
416 91
416 90
416 89
416 88
416 87
416 61
416 60
416 59
416 58
416 57
417 278
417 277
417 276
417 275
417 274
417 273
417 91
417 90
417 89
417 88
417 87
417 61
417 60
417 59
417 58
417 57
418 278
418 277
418 276
418 275
418 274
418 91
418 90
418 89
418 88
418 87
418 61
418 60
418 59
418 58
418 57
419 278
419 277
419 276
419 275
419 274
419 92
419 91
419 90
419 89
419 88
419 62
419 61
419 60
419 59
419 58
420 279
420 278
420 277
420 276
420 275
420 274
420 92
420 91
420 90
420 89
420 88
420 62
420 61
420 60
420 59
420 58
421 279
421 278
421 277
421 276
421 275
421 92
421 91
421 90
421 89
421 88
421 62
421 61
421 60
421 59
421 58
422 279
422 278
422 277
422 276
422 275
422 92
422 91
422 90
422 89
422 88
422 62
422 61
422 60
422 59
422 58
423 280
423 279
423 278
423 277
423 276
423 275
423 92
423 91
423 90
423 89
423 88
423 62
423 61
423 60
423 59
423 58
424 280
424 279
424 278
424 277
424 276
424 92
424 91
424 90
424 89
424 88
424 62
424 61
424 60
424 59
424 58
425 280
425 279
425 278
425 277
425 276
425 92
425 91
425 90
425 89
425 88
425 62
425 61
425 60
425 59
425 58
426 281
426 280
426 279
426 278
426 277
426 276
426 92
426 91
426 90
426 89
426 88
426 62
426 61
426 60
426 59
426 58
427 281
427 280
427 279
427 278
427 277
427 92
427 91
427 90
427 89
427 88
427 62
427 61
427 60
427 59
427 58
428 281
428 280
428 279
428 278
428 277
428 92
428 91
428 90
428 89
428 88
428 62
428 61
428 60
428 59
428 58
429 282
429 281
429 280
429 279
429 278
429 277
429 92
429 91
429 90
429 89
429 88
429 62
429 61
429 60
429 59
429 58
430 282
430 281
430 280
430 279
430 278
430 92
430 91
430 90
430 89
430 88
430 62
430 61
430 60
430 59
430 58
431 282
431 281
431 280
431 279
431 278
431 92
431 91
431 90
431 89
431 88
431 62
431 61
431 60
431 59
431 58
432 282
432 281
432 280
432 279
432 278
432 92
432 91
432 90
432 89
432 88
432 62
432 61
432 60
432 59
432 58
433 283
433 282
433 281
433 280
433 279
433 92
433 91
433 90
433 89
433 88
433 62
433 61
433 60
433 59
433 58
434 283
434 282
434 281
434 280
434 279
434 92
434 91
434 90
434 89
434 88
434 62
434 61
434 60
434 59
434 58
435 283
435 282
435 281
435 280
435 279
435 92
435 91
435 90
435 89
435 88
435 62
435 61
435 60
435 59
435 58
436 284
436 283
436 282
436 281
436 280
436 279
436 92
436 91
436 90
436 89
436 88
436 62
436 61
436 60
436 59
436 58
437 284
437 283
437 282
437 281
437 280
437 92
437 91
437 90
437 89
437 88
437 62
437 61
437 60
437 59
437 58
438 284
438 283
438 282
438 281
438 280
438 92
438 91
438 90
438 89
438 88
438 62
438 61
438 60
438 59
438 58
439 285
439 284
439 283
439 282
439 281
439 280
439 92
439 91
439 90
439 89
439 88
439 62
439 61
439 60
439 59
439 58
440 285
440 284
440 283
440 282
440 281
440 92
440 91
440 90
440 89
440 88
440 62
440 61
440 60
440 59
440 58
441 285
441 284
441 283
441 282
441 281
441 92
441 91
441 90
441 89
441 88
441 62
441 61
441 60
441 59
441 58
442 286
442 285
442 284
442 283
442 282
442 281
442 92
442 91
442 90
442 89
442 88
442 62
442 61
442 60
442 59
442 58
443 286
443 285
443 284
443 283
443 282
443 92
443 91
443 90
443 89
443 88
443 62
443 61
443 60
443 59
443 58
444 286
444 285
444 284
444 283
444 282
444 92
444 91
444 90
444 89
444 88
444 62
444 61
444 60
444 59
445 286
445 285
445 284
445 283
445 282
445 92
445 91
445 90
445 89
445 88
445 63
445 62
445 61
445 60
445 59
446 287
446 286
446 285
446 284
446 283
446 282
446 92
446 91
446 90
446 89
446 88
446 63
446 62
446 61
446 60
446 59
447 287
447 286
447 285
447 284
447 283
447 92
447 91
447 90
447 89
447 88
447 63
447 62
447 61
447 60
447 59
448 287
448 286
448 285
448 284
448 283
448 92
448 91
448 90
448 89
448 88
448 63
448 62
448 61
448 60
448 59
449 288
449 287
449 286
449 285
449 284
449 283
449 92
449 91
449 90
449 89
449 88
449 63
449 62
449 61
449 60
449 59
450 288
450 287
450 286
450 285
450 284
450 92
450 91
450 90
450 89
450 88
450 63
450 62
450 61
450 60
450 59
451 288
451 287
451 286
451 285
451 284
451 92
451 91
451 90
451 89
451 88
451 63
451 62
451 61
451 60
451 59
452 288
452 287
452 286
452 285
452 284
452 92
452 91
452 90
452 89
452 88
452 63
452 62
452 61
452 60
452 59
453 289
453 288
453 287
453 286
453 285
453 284
453 92
453 91
453 90
453 89
453 88
453 63
453 62
453 61
453 60
453 59
454 289
454 288
454 287
454 286
454 285
454 92
454 91
454 90
454 89
454 88
454 63
454 62
454 61
454 60
454 59
455 289
455 288
455 287
455 286
455 285
455 92
455 91
455 90
455 89
455 88
455 63
455 62
455 61
455 60
455 59
456 289
456 288
456 287
456 286
456 285
456 92
456 91
456 90
456 89
456 88
456 63
456 62
456 61
456 60
456 59
457 290
457 289
457 288
457 287
457 286
457 92
457 91
457 90
457 89
457 88
457 63
457 62
457 61
457 60
457 59
458 290
458 289
458 288
458 287
458 286
458 92
458 91
458 90
458 89
458 88
458 63
458 62
458 61
458 60
458 59
459 290
459 289
459 288
459 287
459 286
459 92
459 91
459 90
459 89
459 88
459 63
459 62
459 61
459 60
459 59
460 291
460 290
460 289
460 288
460 287
460 286
460 92
460 91
460 90
460 89
460 88
460 63
460 62
460 61
460 60
460 59
461 291
461 290
461 289
461 288
461 287
461 92
461 91
461 90
461 89
461 88
461 63
461 62
461 61
461 60
462 291
462 290
462 289
462 288
462 287
462 92
462 91
462 90
462 89
462 88
462 64
462 63
462 62
462 61
462 60
463 291
463 290
463 289
463 288
463 287
463 92
463 91
463 90
463 89
463 88
463 64
463 63
463 62
463 61
463 60
464 292
464 291
464 290
464 289
464 288
464 287
464 92
464 91
464 90
464 89
464 88
464 64
464 63
464 62
464 61
464 60
465 292
465 291
465 290
465 289
465 288
465 91
465 90
465 89
465 88
465 87
465 64
465 63
465 62
465 61
465 60
466 292
466 291
466 290
466 289
466 288
466 91
466 90
466 89
466 88
466 87
466 64
466 63
466 62
466 61
466 60
467 292
467 291
467 290
467 289
467 288
467 91
467 90
467 89
467 88
467 87
467 64
467 63
467 62
467 61
467 60
468 292
468 291
468 290
468 289
468 288
468 91
468 90
468 89
468 88
468 87
468 64
468 63
468 62
468 61
468 60
469 293
469 292
469 291
469 290
469 289
469 91
469 90
469 89
469 88
469 87
469 64
469 63
469 62
469 61
469 60
470 293
470 292
470 291
470 290
470 289
470 91
470 90
470 89
470 88
470 87
470 64
470 63
470 62
470 61
470 60
471 293
471 292
471 291
471 290
471 289
471 91
471 90
471 89
471 88
471 87
471 64
471 63
471 62
471 61
471 60
472 293
472 292
472 291
472 290
472 289
472 91
472 90
472 89
472 88
472 87
472 64
472 63
472 62
472 61
472 60
473 294
473 293
473 292
473 291
473 290
473 91
473 90
473 89
473 88
473 87
473 64
473 63
473 62
473 61
473 60
474 294
474 293
474 292
474 291
474 290
474 91
474 90
474 89
474 88
474 87
474 64
474 63
474 62
474 61
474 60
475 294
475 293
475 292
475 291
475 290
475 91
475 90
475 89
475 88
475 87
475 65
475 64
475 63
475 62
475 61
476 294
476 293
476 292
476 291
476 290
476 91
476 90
476 89
476 88
476 87
476 65
476 64
476 63
476 62
476 61
477 295
477 294
477 293
477 292
477 291
477 290
477 91
477 90
477 89
477 88
477 87
477 65
477 64
477 63
477 62
477 61
478 295
478 294
478 293
478 292
478 291
478 91
478 90
478 89
478 88
478 87
478 65
478 64
478 63
478 62
478 61
479 295
479 294
479 293
479 292
479 291
479 91
479 90
479 89
479 88
479 87
479 65
479 64
479 63
479 62
479 61
480 295
480 294
480 293
480 292
480 291
480 91
480 90
480 89
480 88
480 87
480 65
480 64
480 63
480 62
480 61
481 295
481 294
481 293
481 292
481 291
481 91
481 90
481 89
481 88
481 87
481 65
481 64
481 63
481 62
481 61
482 295
482 294
482 293
482 292
482 291
482 91
482 90
482 89
482 88
482 87
482 65
482 64
482 63
482 62
482 61
483 296
483 295
483 294
483 293
483 292
483 91
483 90
483 89
483 88
483 87
483 65
483 64
483 63
483 62
483 61
484 296
484 295
484 294
484 293
484 292
484 91
484 90
484 89
484 88
484 87
484 65
484 64
484 63
484 62
484 61
485 296
485 295
485 294
485 293
485 292
485 91
485 90
485 89
485 88
485 87
485 65
485 64
485 63
485 62
485 61
486 296
486 295
486 294
486 293
486 292
486 91
486 90
486 89
486 88
486 87
486 65
486 64
486 63
486 62
486 61
487 296
487 295
487 294
487 293
487 292
487 91
487 90
487 89
487 88
487 87
487 66
487 65
487 64
487 63
487 62
488 297
488 296
488 295
488 294
488 293
488 292
488 91
488 90
488 89
488 88
488 87
488 66
488 65
488 64
488 63
488 62
489 297
489 296
489 295
489 294
489 293
489 91
489 90
489 89
489 88
489 87
489 66
489 65
489 64
489 63
489 62
490 297
490 296
490 295
490 294
490 293
490 91
490 90
490 89
490 88
490 87
490 66
490 65
490 64
490 63
490 62
491 297
491 296
491 295
491 294
491 293
491 91
491 90
491 89
491 88
491 87
491 66
491 65
491 64
491 63
491 62
492 297
492 296
492 295
492 294
492 293
492 91
492 90
492 89
492 88
492 87
492 66
492 65
492 64
492 63
492 62
493 297
493 296
493 295
493 294
493 293
493 91
493 90
493 89
493 88
493 87
493 66
493 65
493 64
493 63
493 62
494 297
494 296
494 295
494 294
494 293
494 91
494 90
494 89
494 88
494 87
494 66
494 65
494 64
494 63
494 62
495 298
495 297
495 296
495 295
495 294
495 91
495 90
495 89
495 88
495 87
495 66
495 65
495 64
495 63
495 62
496 298
496 297
496 296
496 295
496 294
496 91
496 90
496 89
496 88
496 87
496 67
496 66
496 65
496 64
496 63
497 298
497 297
497 296
497 295
497 294
497 91
497 90
497 89
497 88
497 87
497 67
497 66
497 65
497 64
497 63
498 298
498 297
498 296
498 295
498 294
498 91
498 90
498 89
498 88
498 87
498 67
498 66
498 65
498 64
498 63
499 298
499 297
499 296
499 295
499 294
499 90
499 89
499 88
499 87
499 67
499 66
499 65
499 64
499 63
500 298
500 297
500 296
500 295
500 294
500 90
500 89
500 88
500 87
500 86
500 67
500 66
500 65
500 64
500 63
501 298
501 297
501 296
501 295
501 294
501 90
501 89
501 88
501 87
501 86
501 67
501 66
501 65
501 64
501 63
502 298
502 297
502 296
502 295
502 294
502 90
502 89
502 88
502 87
502 86
502 67
502 66
502 65
502 64
502 63
503 298
503 297
503 296
503 295
503 294
503 90
503 89
503 88
503 87
503 86
503 67
503 66
503 65
503 64
503 63
504 298
504 297
504 296
504 295
504 294
504 179
504 178
504 177
504 176
504 175
504 174
504 173
504 172
504 171
504 170
504 169
504 168
504 167
504 166
504 165
504 164
504 163
504 162
504 90
504 89
504 88
504 87
504 86
504 67
504 66
504 65
504 64
504 63
505 298
505 297
505 296
505 295
505 294
505 186
505 185
505 184
505 183
505 182
505 181
505 180
505 179
505 178
505 177
505 176
505 175
505 174
505 173
505 172
505 171
505 170
505 169
505 168
505 167
505 166
505 165
505 164
505 163
505 162
505 161
505 160
505 159
505 158
505 157
505 90
505 89
505 88
505 87
505 86
505 68
505 67
505 66
505 65
505 64
506 298
506 297
506 296
506 295
506 294
506 190
506 189
506 188
506 187
506 186
506 185
506 184
506 183
506 182
506 181
506 180
506 179
506 178
506 177
506 176
506 175
506 174
506 173
506 172
506 171
506 170
506 169
506 168
506 167
506 166
506 165
506 164
506 163
506 162
506 161
506 160
506 159
506 158
506 157
506 156
506 155
506 154
506 90
506 89
506 88
506 87
506 86
506 68
506 67
506 66
506 65
506 64
507 298
507 297
507 296
507 295
507 294
507 194
507 193
507 192
507 191
507 190
507 189
507 188
507 187
507 186
507 185
507 184
507 183
507 182
507 181
507 180
507 179
507 178
507 177
507 176
507 175
507 174
507 173
507 172
507 171
507 170
507 169
507 168
507 167
507 166
507 165
507 164
507 163
507 162
507 161
507 160
507 159
507 158
507 157
507 156
507 155
507 154
507 153
507 152
507 151
507 90
507 89
507 88
507 87
507 86
507 68
507 67
507 66
507 65
507 64
508 298
508 297
508 296
508 295
508 294
508 198
508 197
508 196
508 195
508 194
508 193
508 192
508 191
508 190
508 189
508 188
508 187
508 186
508 185
508 184
508 183
508 182
508 181
508 180
508 179
508 178
508 177
508 176
508 175
508 174
508 173
508 172
508 171
508 170
508 169
508 168
508 167
508 166
508 165
508 164
508 163
508 162
508 161
508 160
508 159
508 158
508 157
508 156
508 155
508 154
508 153
508 152
508 151
508 150
508 149
508 90
508 89
508 88
508 87
508 86
508 68
508 67
508 66
508 65
508 64
509 298
509 297
509 296
509 295
509 294
509 201
509 200
509 199
509 198
509 197
509 196
509 195
509 194
509 193
509 192
509 191
509 190
509 189
509 188
509 187
509 186
509 185
509 184
509 183
509 182
509 181
509 180
509 161
509 160
509 159
509 158
509 157
509 156
509 155
509 154
509 153
509 152
509 151
509 150
509 149
509 148
509 147
509 90
509 89
509 88
509 87
509 86
509 68
509 67
509 66
509 65
509 64
510 298
510 297
510 296
510 295
510 294
510 205
510 204
510 203
510 202
510 201
510 200
510 199
510 198
510 197
510 196
510 195
510 194
510 193
510 192
510 191
510 190
510 189
510 188
510 187
510 186
510 157
510 156
510 155
510 154
510 153
510 152
510 151
510 150
510 149
510 148
510 147
510 146
510 90
510 89
510 88
510 87
510 86
510 68
510 67
510 66
510 65
510 64
511 298
511 297
511 296
511 295
511 294
511 208
511 207
511 206
511 205
511 204
511 203
511 202
511 201
511 200
511 199
511 198
511 197
511 196
511 195
511 194
511 193
511 192
511 191
511 154
511 153
511 152
511 151
511 150
511 149
511 148
511 147
511 146
511 145
511 144
511 90
511 89
511 88
511 87
511 86
511 68
511 67
511 66
511 65
511 64
512 298
512 297
512 296
512 295
512 294
512 210
512 209
512 208
512 207
512 206
512 205
512 204
512 203
512 202
512 201
512 200
512 199
512 198
512 197
512 196
512 195
512 151
512 150
512 149
512 148
512 147
512 146
512 145
512 144
512 143
512 90
512 89
512 88
512 87
512 86
512 68
512 67
512 66
512 65
512 64
513 298
513 297
513 296
513 295
513 294
513 213
513 212
513 211
513 210
513 209
513 208
513 207
513 206
513 205
513 204
513 203
513 202
513 201
513 200
513 199
513 198
513 149
513 148
513 147
513 146
513 145
513 144
513 143
513 142
513 90
513 89
513 88
513 87
513 86
513 69
513 68
513 67
513 66
513 65
514 298
514 297
514 296
514 295
514 294
514 216
514 215
514 214
514 213
514 212
514 211
514 210
514 209
514 208
514 207
514 206
514 205
514 204
514 203
514 202
514 148
514 147
514 146
514 145
514 144
514 143
514 142
514 141
514 90
514 89
514 88
514 87
514 86
514 69
514 68
514 67
514 66
514 65
515 298
515 297
515 296
515 295
515 294
515 219
515 218
515 217
515 216
515 215
515 214
515 213
515 212
515 211
515 210
515 209
515 208
515 207
515 206
515 205
515 146
515 145
515 144
515 143
515 142
515 141
515 140
515 90
515 89
515 88
515 87
515 86
515 69
515 68
515 67
515 66
515 65
516 298
516 297
516 296
516 295
516 294
516 221
516 220
516 219
516 218
516 217
516 216
516 215
516 214
516 213
516 212
516 211
516 210
516 209
516 208
516 145
516 144
516 143
516 142
516 141
516 140
516 139
516 138
516 89
516 88
516 87
516 86
516 85
516 69
516 68
516 67
516 66
516 65
517 298
517 297
517 296
517 295
517 294
517 224
517 223
517 222
517 221
517 220
517 219
517 218
517 217
517 216
517 215
517 214
517 213
517 212
517 211
517 144
517 143
517 142
517 141
517 140
517 139
517 138
517 89
517 88
517 87
517 86
517 85
517 69
517 68
517 67
517 66
517 65
518 297
518 296
518 295
518 294
518 293
518 227
518 226
518 225
518 224
518 223
518 222
518 221
518 220
518 219
518 218
518 217
518 216
518 215
518 214
518 213
518 143
518 142
518 141
518 140
518 139
518 138
518 137
518 89
518 88
518 87
518 86
518 85
518 69
518 68
518 67
518 66
518 65
519 297
519 296
519 295
519 294
519 293
519 229
519 228
519 227
519 226
519 225
519 224
519 223
519 222
519 221
519 220
519 219
519 218
519 217
519 216
519 142
519 141
519 140
519 139
519 138
519 137
519 136
519 89
519 88
519 87
519 86
519 85
519 70
519 69
519 68
519 67
519 66
519 65
520 297
520 296
520 295
520 294
520 293
520 232
520 231
520 230
520 229
520 228
520 227
520 226
520 225
520 224
520 223
520 222
520 221
520 220
520 219
520 141
520 140
520 139
520 138
520 137
520 136
520 135
520 89
520 88
520 87
520 86
520 85
520 70
520 69
520 68
520 67
520 66
521 297
521 296
521 295
521 294
521 293
521 234
521 233
521 232
521 231
521 230
521 229
521 228
521 227
521 226
521 225
521 224
521 223
521 222
521 221
521 140
521 139
521 138
521 137
521 136
521 135
521 134
521 89
521 88
521 87
521 86
521 85
521 70
521 69
521 68
521 67
521 66
522 297
522 296
522 295
522 294
522 293
522 292
522 237
522 236
522 235
522 234
522 233
522 232
522 231
522 230
522 229
522 228
522 227
522 226
522 225
522 224
522 139
522 138
522 137
522 136
522 135
522 134
522 89
522 88
522 87
522 86
522 85
522 70
522 69
522 68
522 67
522 66
523 296
523 295
523 294
523 293
523 292
523 240
523 239
523 238
523 237
523 236
523 235
523 234
523 233
523 232
523 231
523 230
523 229
523 228
523 227
523 138
523 137
523 136
523 135
523 134
523 133
523 89
523 88
523 87
523 86
523 85
523 70
523 69
523 68
523 67
523 66
524 296
524 295
524 294
524 293
524 292
524 291
524 242
524 241
524 240
524 239
524 238
524 237
524 236
524 235
524 234
524 233
524 232
524 231
524 230
524 229
524 137
524 136
524 135
524 134
524 133
524 132
524 89
524 88
524 87
524 86
524 85
524 70
524 69
524 68
524 67
524 66
525 295
525 294
525 293
525 292
525 291
525 245
525 244
525 243
525 242
525 241
525 240
525 239
525 238
525 237
525 236
525 235
525 234
525 233
525 232
525 137
525 136
525 135
525 134
525 133
525 132
525 89
525 88
525 87
525 86
525 85
525 71
525 70
525 69
525 68
525 67
525 66
526 295
526 294
526 293
526 292
526 291
526 290
526 248
526 247
526 246
526 245
526 244
526 243
526 242
526 241
526 240
526 239
526 238
526 237
526 236
526 235
526 234
526 136
526 135
526 134
526 133
526 132
526 131
526 89
526 88
526 87
526 86
526 85
526 71
526 70
526 69
526 68
526 67
527 295
527 294
527 293
527 292
527 291
527 290
527 251
527 250
527 249
527 248
527 247
527 246
527 245
527 244
527 243
527 242
527 241
527 240
527 239
527 238
527 237
527 135
527 134
527 133
527 132
527 131
527 88
527 87
527 86
527 85
527 84
527 71
527 70
527 69
527 68
527 67
528 294
528 293
528 292
528 291
528 290
528 289
528 254
528 253
528 252
528 251
528 250
528 249
528 248
528 247
528 246
528 245
528 244
528 243
528 242
528 241
528 240
528 135
528 134
528 133
528 132
528 131
528 130
528 88
528 87
528 86
528 85
528 84
528 71
528 70
528 69
528 68
528 67
529 293
529 292
529 291
529 290
529 289
529 288
529 257
529 256
529 255
529 254
529 253
529 252
529 251
529 250
529 249
529 248
529 247
529 246
529 245
529 244
529 243
529 242
529 134
529 133
529 132
529 131
529 130
529 88
529 87
529 86
529 85
529 84
529 71
529 70
529 69
529 68
529 67
530 293
530 292
530 291
530 290
530 289
530 288
530 287
530 286
530 260
530 259
530 258
530 257
530 256
530 255
530 254
530 253
530 252
530 251
530 250
530 249
530 248
530 247
530 246
530 245
530 134
530 133
530 132
530 131
530 130
530 129
530 88
530 87
530 86
530 85
530 84
530 71
530 70
530 69
530 68
530 67
531 292
531 291
531 290
531 289
531 288
531 287
531 286
531 285
531 264
531 263
531 262
531 261
531 260
531 259
531 258
531 257
531 256
531 255
531 254
531 253
531 252
531 251
531 250
531 249
531 248
531 133
531 132
531 131
531 130
531 129
531 88
531 87
531 86
531 85
531 84
531 72
531 71
531 70
531 69
531 68
532 291
532 290
532 289
532 288
532 287
532 286
532 285
532 284
532 283
532 282
532 281
532 269
532 268
532 267
532 266
532 265
532 264
532 263
532 262
532 261
532 260
532 259
532 258
532 257
532 256
532 255
532 254
532 253
532 252
532 251
532 133
532 132
532 131
532 130
532 129
532 128
532 88
532 87
532 86
532 85
532 84
532 72
532 71
532 70
532 69
532 68
533 290
533 289
533 288
533 287
533 286
533 285
533 284
533 283
533 282
533 281
533 280
533 279
533 278
533 277
533 276
533 275
533 274
533 273
533 272
533 271
533 270
533 269
533 268
533 267
533 266
533 265
533 264
533 263
533 262
533 261
533 260
533 259
533 258
533 257
533 256
533 255
533 254
533 132
533 131
533 130
533 129
533 128
533 88
533 87
533 86
533 85
533 84
533 72
533 71
533 70
533 69
533 68
534 288
534 287
534 286
534 285
534 284
534 283
534 282
534 281
534 280
534 279
534 278
534 277
534 276
534 275
534 274
534 273
534 272
534 271
534 270
534 269
534 268
534 267
534 266
534 265
534 264
534 263
534 262
534 261
534 260
534 259
534 258
534 257
534 132
534 131
534 130
534 129
534 128
534 127
534 88
534 87
534 86
534 85
534 84
534 83
534 72
534 71
534 70
534 69
534 68
535 287
535 286
535 285
535 284
535 283
535 282
535 281
535 280
535 279
535 278
535 277
535 276
535 275
535 274
535 273
535 272
535 271
535 270
535 269
535 268
535 267
535 266
535 265
535 264
535 263
535 262
535 261
535 131
535 130
535 129
535 128
535 127
535 87
535 86
535 85
535 84
535 83
535 73
535 72
535 71
535 70
535 69
535 68
536 284
536 283
536 282
536 281
536 280
536 279
536 278
536 277
536 276
536 275
536 274
536 273
536 272
536 271
536 270
536 269
536 268
536 267
536 266
536 265
536 131
536 130
536 129
536 128
536 127
536 87
536 86
536 85
536 84
536 83
536 73
536 72
536 71
536 70
536 69
537 281
537 280
537 279
537 278
537 277
537 276
537 275
537 274
537 273
537 272
537 271
537 270
537 131
537 130
537 129
537 128
537 127
537 126
537 87
537 86
537 85
537 84
537 83
537 73
537 72
537 71
537 70
537 69
538 130
538 129
538 128
538 127
538 126
538 87
538 86
538 85
538 84
538 83
538 73
538 72
538 71
538 70
538 69
539 130
539 129
539 128
539 127
539 126
539 87
539 86
539 85
539 84
539 83
539 74
539 73
539 72
539 71
539 70
539 69
540 130
540 129
540 128
540 127
540 126
540 125
540 87
540 86
540 85
540 84
540 83
540 82
540 74
540 73
540 72
540 71
540 70
541 129
541 128
541 127
541 126
541 125
541 86
541 85
541 84
541 83
541 82
541 74
541 73
541 72
541 71
541 70
542 129
542 128
542 127
542 126
542 125
542 86
542 85
542 84
542 83
542 82
542 74
542 73
542 72
542 71
542 70
543 129
543 128
543 127
543 126
543 125
543 124
543 86
543 85
543 84
543 83
543 82
543 75
543 74
543 73
543 72
543 71
543 70
544 128
544 127
544 126
544 125
544 124
544 86
544 85
544 84
544 83
544 82
544 75
544 74
544 73
544 72
544 71
545 128
545 127
545 126
545 125
545 124
545 86
545 85
545 84
545 83
545 82
545 81
545 75
545 74
545 73
545 72
545 71
546 128
546 127
546 126
546 125
546 124
546 85
546 84
546 83
546 82
546 81
546 76
546 75
546 74
546 73
546 72
546 71
547 127
547 126
547 125
547 124
547 123
547 85
547 84
547 83
547 82
547 81
547 76
547 75
547 74
547 73
547 72
548 127
548 126
548 125
548 124
548 123
548 85
548 84
548 83
548 82
548 81
548 80
548 77
548 76
548 75
548 74
548 73
548 72
549 127
549 126
549 125
549 124
549 123
549 84
549 83
549 82
549 81
549 80
549 77
549 76
549 75
549 74
549 73
549 72
550 127
550 126
550 125
550 124
550 123
550 84
550 83
550 82
550 81
550 80
550 79
550 78
550 77
550 76
550 75
550 74
550 73
551 127
551 126
551 125
551 124
551 123
551 122
551 84
551 83
551 82
551 81
551 80
551 79
551 78
551 77
551 76
551 75
551 74
551 73
552 126
552 125
552 124
552 123
552 122
552 83
552 82
552 81
552 80
552 79
552 78
552 77
552 76
552 75
552 74
553 126
553 125
553 124
553 123
553 122
553 83
553 82
553 81
553 80
553 79
553 78
553 77
553 76
553 75
554 126
554 125
554 124
554 123
554 122
554 82
554 81
554 80
554 79
554 78
554 77
554 76
554 75
555 126
555 125
555 124
555 123
555 122
555 81
555 80
555 79
555 78
555 77
556 126
556 125
556 124
556 123
556 122
556 121
557 125
557 124
557 123
557 122
557 121
558 125
558 124
558 123
558 122
558 121
559 125
559 124
559 123
559 122
559 121
560 125
560 124
560 123
560 122
560 121
561 125
561 124
561 123
561 122
561 121
562 125
562 124
562 123
562 122
562 121
563 125
563 124
563 123
563 122
563 121
564 124
564 123
564 122
564 121
564 120
565 124
565 123
565 122
565 121
565 120
566 124
566 123
566 122
566 121
566 120
567 124
567 123
567 122
567 121
567 120
568 124
568 123
568 122
568 121
568 120
569 124
569 123
569 122
569 121
569 120
570 124
570 123
570 122
570 121
570 120
571 124
571 123
571 122
571 121
571 120
572 124
572 123
572 122
572 121
572 120
573 124
573 123
573 122
573 121
573 120
574 123
574 122
574 121
574 120
575 123
575 122
575 121
575 120
575 119
576 123
576 122
576 121
576 120
576 119
577 123
577 122
577 121
577 120
577 119
578 123
578 122
578 121
578 120
578 119
579 123
579 122
579 121
579 120
579 119
580 123
580 122
580 121
580 120
580 119
581 123
581 122
581 121
581 120
581 119
582 123
582 122
582 121
582 120
582 119
583 123
583 122
583 121
583 120
583 119
584 123
584 122
584 121
584 120
584 119
585 123
585 122
585 121
585 120
585 119
586 123
586 122
586 121
586 120
586 119
587 123
587 122
587 121
587 120
587 119
588 123
588 122
588 121
588 120
588 119
589 123
589 122
589 121
589 120
589 119
590 123
590 122
590 121
590 120
590 119
591 123
591 122
591 121
591 120
591 119
592 123
592 122
592 121
592 120
592 119
593 123
593 122
593 121
593 120
593 119
594 123
594 122
594 121
594 120
594 119
595 123
595 122
595 121
595 120
595 119
596 122
596 121
596 120
