390 399
390 398
390 397
390 69
390 68
390 67
390 66
390 65
390 64
390 63
390 62
390 61
391 399
391 398
391 397
391 396
391 395
391 394
391 393
391 392
391 74
391 73
391 72
391 71
391 70
391 69
391 68
391 67
391 66
391 65
391 64
391 63
391 62
391 61
391 60
392 399
392 398
392 397
392 396
392 395
392 394
392 393
392 392
392 391
392 390
392 389
392 388
392 387
392 386
392 385
392 384
392 383
392 382
392 381
392 380
392 379
392 378
392 377
392 376
392 374
392 373
392 372
392 371
392 370
392 369
392 368
392 367
392 366
392 365
392 364
392 363
392 362
392 361
392 360
392 359
392 358
392 357
392 356
392 355
392 354
392 353
392 352
392 351
392 349
392 348
392 347
392 346
392 345
392 344
392 343
392 342
392 341
392 340
392 339
392 338
392 337
392 336
392 335
392 334
392 333
392 332
392 331
392 330
392 329
392 328
392 327
392 326
392 324
392 323
392 322
392 321
392 320
392 319
392 318
392 317
392 316
392 315
392 314
392 313
392 312
392 311
392 310
392 309
392 308
392 307
392 306
392 305
392 304
392 303
392 302
392 301
392 299
392 298
392 297
392 296
392 295
392 294
392 293
392 292
392 291
392 290
392 289
392 288
392 287
392 286
392 285
392 284
392 283
392 282
392 281
392 280
392 279
392 278
392 277
392 276
392 274
392 273
392 272
392 271
392 270
392 269
392 268
392 267
392 266
392 265
392 264
392 263
392 262
392 261
392 260
392 259
392 258
392 257
392 256
392 255
392 254
392 253
392 252
392 251
392 249
392 248
392 247
392 246
392 245
392 244
392 243
392 242
392 241
392 240
392 239
392 238
392 91
392 90
392 89
392 88
392 87
392 86
392 85
392 84
392 83
392 82
392 81
392 80
392 79
392 78
392 77
392 76
392 74
392 73
392 72
392 71
392 70
392 69
392 68
392 67
392 66
392 65
392 64
392 63
392 62
392 61
392 60
392 59
393 399
393 398
393 397
393 396
393 395
393 394
393 393
393 392
393 391
393 390
393 389
393 388
393 387
393 386
393 385
393 384
393 383
393 382
393 381
393 380
393 379
393 378
393 377
393 376
393 374
393 373
393 372
393 371
393 370
393 369
393 368
393 367
393 366
393 365
393 364
393 363
393 362
393 361
393 360
393 359
393 358
393 357
393 356
393 355
393 354
393 353
393 352
393 351
393 349
393 348
393 347
393 346
393 345
393 344
393 343
393 342
393 341
393 340
393 339
393 338
393 337
393 336
393 335
393 334
393 333
393 332
393 331
393 330
393 329
393 328
393 327
393 326
393 324
393 323
393 322
393 321
393 320
393 319
393 318
393 317
393 316
393 315
393 314
393 313
393 312
393 311
393 310
393 309
393 308
393 307
393 306
393 305
393 304
393 303
393 302
393 301
393 299
393 298
393 297
393 296
393 295
393 294
393 293
393 292
393 291
393 290
393 289
393 288
393 287
393 286
393 285
393 284
393 283
393 282
393 281
393 280
393 279
393 278
393 277
393 276
393 274
393 273
393 272
393 271
393 270
393 269
393 268
393 267
393 266
393 265
393 264
393 263
393 262
393 261
393 260
393 259
393 258
393 257
393 256
393 255
393 254
393 253
393 252
393 251
393 249
393 248
393 247
393 246
393 245
393 244
393 243
393 242
393 241
393 240
393 239
393 238
393 237
393 236
393 235
393 234
393 233
393 232
393 231
393 230
393 229
393 228
393 227
393 226
393 224
393 223
393 222
393 221
393 220
393 219
393 218
393 217
393 216
393 215
393 214
393 213
393 212
393 211
393 210
393 209
393 208
393 207
393 206
393 205
393 204
393 203
393 202
393 201
393 199
393 198
393 197
393 196
393 195
393 194
393 193
393 192
393 191
393 190
393 189
393 188
393 187
393 110
393 109
393 108
393 107
393 106
393 105
393 104
393 103
393 102
393 101
393 99
393 98
393 97
393 96
393 95
393 94
393 93
393 92
393 91
393 90
393 89
393 88
393 87
393 86
393 85
393 84
393 83
393 82
393 81
393 80
393 79
393 78
393 77
393 76
393 74
393 73
393 72
393 71
393 70
393 69
393 68
393 67
393 66
393 65
393 64
393 63
393 62
393 61
393 60
393 59
394 399
394 398
394 397
394 396
394 395
394 394
394 393
394 392
394 391
394 390
394 389
394 388
394 387
394 386
394 385
394 384
394 383
394 382
394 381
394 380
394 379
394 378
394 377
394 376
394 374
394 373
394 372
394 371
394 370
394 369
394 368
394 367
394 366
394 365
394 364
394 363
394 362
394 361
394 360
394 359
394 358
394 357
394 356
394 355
394 354
394 353
394 352
394 351
394 349
394 348
394 347
394 346
394 345
394 344
394 343
394 342
394 341
394 340
394 339
394 338
394 337
394 336
394 335
394 334
394 333
394 332
394 331
394 330
394 329
394 328
394 327
394 326
394 324
394 323
394 322
394 321
394 320
394 319
394 318
394 317
394 316
394 315
394 314
394 313
394 312
394 311
394 310
394 309
394 308
394 307
394 306
394 305
394 304
394 303
394 302
394 301
394 299
394 298
394 297
394 296
394 295
394 294
394 293
394 292
394 291
394 290
394 289
394 288
394 287
394 286
394 285
394 284
394 283
394 282
394 281
394 280
394 279
394 278
394 277
394 276
394 274
394 273
394 272
394 271
394 270
394 269
394 268
394 267
394 266
394 265
394 264
394 263
394 262
394 261
394 260
394 259
394 258
394 257
394 256
394 255
394 254
394 253
394 252
394 251
394 249
394 248
394 247
394 246
394 245
394 244
394 243
394 242
394 241
394 240
394 239
394 238
394 237
394 236
394 235
394 234
394 233
394 232
394 231
394 230
394 229
394 228
394 227
394 226
394 224
394 223
394 222
394 221
394 220
394 219
394 218
394 217
394 216
394 215
394 214
394 213
394 212
394 211
394 210
394 209
394 208
394 207
394 206
394 205
394 204
394 203
394 202
394 201
394 199
394 198
394 197
394 196
394 195
394 194
394 193
394 192
394 191
394 190
394 189
394 188
394 187
394 186
394 185
394 184
394 183
394 182
394 181
394 180
394 179
394 178
394 177
394 176
394 174
394 173
394 172
394 171
394 170
394 169
394 168
394 167
394 166
394 165
394 164
394 163
394 162
394 161
394 160
394 159
394 158
394 157
394 156
394 155
394 154
394 153
394 152
394 151
394 149
394 148
394 147
394 146
394 145
394 144
394 143
394 142
394 141
394 140
394 139
394 138
394 137
394 136
394 135
394 134
394 133
394 132
394 131
394 130
394 129
394 128
394 127
394 126
394 124
394 123
394 122
394 121
394 120
394 119
394 118
394 117
394 116
394 115
394 114
394 113
394 112
394 111
394 110
394 109
394 108
394 107
394 106
394 105
394 104
394 103
394 102
394 101
394 99
394 98
394 97
394 96
394 95
394 94
394 93
394 92
394 91
394 90
394 89
394 88
394 87
394 86
394 85
394 84
394 83
394 82
394 81
394 80
394 79
394 78
394 77
394 76
394 74
394 73
394 72
394 71
394 70
394 69
394 68
394 67
394 66
394 65
394 64
394 63
394 62
394 61
394 60
394 59
395 399
395 398
395 397
395 396
395 395
395 394
395 393
395 392
395 391
395 390
395 389
395 388
395 387
395 386
395 385
395 384
395 383
395 382
395 381
395 380
395 379
395 378
395 377
395 376
395 374
395 373
395 372
395 371
395 370
395 369
395 368
395 367
395 366
395 365
395 364
395 363
395 362
395 361
395 360
395 359
395 358
395 357
395 356
395 355
395 354
395 353
395 352
395 351
395 349
395 348
395 347
395 346
395 345
395 344
395 343
395 342
395 341
395 340
395 339
395 338
395 337
395 336
395 335
395 334
395 333
395 332
395 331
395 330
395 329
395 328
395 327
395 326
395 324
395 323
395 322
395 321
395 320
395 319
395 318
395 317
395 316
395 315
395 314
395 313
395 312
395 311
395 310
395 309
395 308
395 307
395 306
395 305
395 304
395 303
395 302
395 301
395 299
395 298
395 297
395 296
395 295
395 294
395 293
395 292
395 291
395 290
395 289
395 288
395 287
395 286
395 285
395 284
395 283
395 282
395 281
395 280
395 279
395 278
395 277
395 276
395 274
395 273
395 272
395 271
395 270
395 269
395 268
395 267
395 266
395 265
395 264
395 263
395 262
395 261
395 260
395 259
395 258
395 257
395 256
395 255
395 254
395 253
395 252
395 251
395 249
395 248
395 247
395 246
395 245
395 244
395 243
395 242
395 241
395 240
395 239
395 238
395 237
395 236
395 235
395 234
395 233
395 232
395 231
395 230
395 229
395 228
395 227
395 226
395 224
395 223
395 222
395 221
395 220
395 219
395 218
395 217
395 216
395 215
395 214
395 213
395 212
395 211
395 210
395 209
395 208
395 207
395 206
395 205
395 204
395 203
395 202
395 201
395 199
395 198
395 197
395 196
395 195
395 194
395 193
395 192
395 191
395 190
395 189
395 188
395 187
395 186
395 185
395 184
395 183
395 182
395 181
395 180
395 179
395 178
395 177
395 176
395 174
395 173
395 172
395 171
395 170
395 169
395 168
395 167
395 166
395 165
395 164
395 163
395 162
395 161
395 160
395 159
395 158
395 157
395 156
395 155
395 154
395 153
395 152
395 151
395 149
395 148
395 147
395 146
395 145
395 144
395 143
395 142
395 141
395 140
395 139
395 138
395 137
395 136
395 135
395 134
395 133
395 132
395 131
395 130
395 129
395 128
395 127
395 126
395 124
395 123
395 122
395 121
395 120
395 119
395 118
395 117
395 116
395 115
395 114
395 113
395 112
395 111
395 110
395 109
395 108
395 107
395 106
395 105
395 104
395 103
395 102
395 101
395 99
395 98
395 97
395 96
395 95
395 94
395 93
395 92
395 91
395 90
395 89
395 88
395 87
395 86
395 85
395 84
395 83
395 82
395 81
395 80
395 79
395 78
395 77
395 76
395 74
395 73
395 72
395 71
395 70
395 69
395 68
395 67
395 66
395 65
395 64
395 63
395 62
395 61
395 60
396 399
396 398
396 397
396 396
396 395
396 394
396 393
396 392
396 391
396 390
396 389
396 388
396 387
396 386
396 385
396 384
396 383
396 382
396 381
396 380
396 379
396 378
396 377
396 376
396 374
396 373
396 372
396 371
396 370
396 369
396 368
396 367
396 366
396 365
396 364
396 363
396 362
396 361
396 360
396 359
396 358
396 357
396 356
396 355
396 354
396 353
396 352
396 351
396 349
396 348
396 347
396 346
396 345
396 344
396 343
396 342
396 341
396 340
396 339
396 338
396 337
396 336
396 335
396 334
396 333
396 332
396 331
396 330
396 329
396 328
396 327
396 326
396 324
396 323
396 322
396 321
396 320
396 319
396 318
396 317
396 316
396 315
396 314
396 313
396 312
396 311
396 310
396 309
396 308
396 307
396 306
396 305
396 304
396 303
396 302
396 301
396 299
396 298
396 297
396 296
396 295
396 294
396 293
396 292
396 291
396 290
396 289
396 288
396 287
396 286
396 285
396 284
396 283
396 282
396 281
396 280
396 279
396 278
396 277
396 276
396 274
396 273
396 272
396 271
396 270
396 269
396 268
396 267
396 266
396 265
396 264
396 263
396 262
396 261
396 260
396 259
396 258
396 257
396 256
396 255
396 254
396 253
396 252
396 251
396 249
396 248
396 247
396 246
396 245
396 244
396 243
396 242
396 241
396 240
396 239
396 238
396 237
396 236
396 235
396 234
396 233
396 232
396 231
396 230
396 229
396 228
396 227
396 226
396 224
396 223
396 222
396 221
396 220
396 219
396 218
396 217
396 216
396 215
396 214
396 213
396 212
396 211
396 210
396 209
396 208
396 207
396 206
396 205
396 204
396 203
396 202
396 201
396 199
396 198
396 197
396 196
396 195
396 194
396 193
396 192
396 191
396 190
396 189
396 188
396 187
396 186
396 185
396 184
396 183
396 182
396 181
396 180
396 179
396 178
396 177
396 176
396 174
396 173
396 172
396 171
396 170
396 169
396 168
396 167
396 166
396 165
396 164
396 163
396 162
396 161
396 160
396 159
396 158
396 157
396 156
396 155
396 154
396 153
396 152
396 151
396 149
396 148
396 147
396 146
396 145
396 144
396 143
396 142
396 141
396 140
396 139
396 138
396 137
396 136
396 135
396 134
396 133
396 132
396 131
396 130
396 129
396 128
396 127
396 126
396 124
396 123
396 122
396 121
396 120
396 119
396 118
396 117
396 116
396 115
396 114
396 113
396 112
396 111
396 110
396 109
396 108
396 107
396 106
396 105
396 104
396 103
396 102
396 101
396 99
396 98
396 97
396 96
396 95
396 94
396 93
396 92
396 91
396 90
396 89
396 88
396 87
396 86
396 85
396 84
396 83
396 82
396 81
396 80
396 79
396 78
396 77
396 76
396 74
396 73
396 72
396 71
396 70
396 69
396 68
396 67
396 66
396 65
396 64
396 63
396 62
396 61
397 398
397 397
397 396
397 395
397 394
397 393
397 392
397 391
397 390
397 389
397 388
397 387
397 386
397 385
397 384
397 383
397 382
397 381
397 380
397 379
397 378
397 377
397 376
397 374
397 373
397 372
397 371
397 370
397 369
397 368
397 367
397 366
397 365
397 364
397 363
397 362
397 361
397 360
397 359
397 358
397 357
397 356
397 355
397 354
397 353
397 352
397 351
397 349
397 348
397 347
397 346
397 345
397 344
397 343
397 342
397 341
397 340
397 339
397 338
397 337
397 336
397 335
397 334
397 333
397 332
397 331
397 330
397 329
397 328
397 327
397 326
397 324
397 323
397 322
397 321
397 320
397 319
397 318
397 317
397 316
397 315
397 314
397 313
397 312
397 311
397 310
397 309
397 308
397 307
397 306
397 305
397 304
397 303
397 302
397 301
397 299
397 298
397 297
397 296
397 295
397 294
397 293
397 292
397 291
397 290
397 289
397 288
397 287
397 286
397 285
397 284
397 283
397 282
397 281
397 280
397 279
397 278
397 277
397 276
397 274
397 273
397 272
397 271
397 270
397 269
397 268
397 267
397 266
397 265
397 264
397 263
397 262
397 261
397 260
397 259
397 258
397 257
397 256
397 255
397 254
397 253
397 252
397 251
397 249
397 248
397 247
397 246
397 245
397 244
397 243
397 242
397 241
397 240
397 239
397 238
397 237
397 236
397 235
397 234
397 233
397 232
397 231
397 230
397 229
397 228
397 227
397 226
397 224
397 223
397 222
397 221
397 220
397 219
397 218
397 217
397 216
397 215
397 214
397 213
397 212
397 211
397 210
397 209
397 208
397 207
397 206
397 205
397 204
397 203
397 202
397 201
397 199
397 198
397 197
397 196
397 195
397 194
397 193
397 192
397 191
397 190
397 189
397 188
397 187
397 186
397 185
397 184
397 183
397 182
397 181
397 180
397 179
397 178
397 177
397 176
397 174
397 173
397 172
397 171
397 170
397 169
397 168
397 167
397 166
397 165
397 164
397 163
397 162
397 161
397 160
397 159
397 158
397 157
397 156
397 155
397 154
397 153
397 152
397 151
397 149
397 148
397 147
397 146
397 145
397 144
397 143
397 142
397 141
397 140
397 139
397 138
397 137
397 136
397 135
397 134
397 133
397 132
397 131
397 130
397 129
397 128
397 127
397 126
397 124
397 123
397 122
397 121
397 120
397 119
397 118
397 117
397 116
397 115
397 114
397 113
397 112
397 111
397 110
397 109
397 108
397 107
397 106
397 105
397 104
397 103
397 102
397 101
397 99
397 98
397 97
397 96
397 95
397 94
397 93
397 92
397 91
397 90
397 89
397 88
397 87
397 86
397 85
397 84
397 83
397 82
397 81
397 80
397 79
397 78
397 77
397 76
397 74
397 73
397 72
397 71
397 70
397 69
397 68
398 392
398 391
398 390
398 389
398 388
398 387
398 386
398 385
398 384
398 383
398 382
398 381
398 380
398 379
398 378
398 377
398 376
398 374
398 373
398 372
398 371
398 370
398 369
398 368
398 367
398 366
398 365
398 364
398 363
398 362
398 361
398 360
398 359
398 358
398 357
398 356
398 355
398 354
398 353
398 352
398 351
398 349
398 348
398 347
398 346
398 345
398 344
398 343
398 342
398 341
398 340
398 339
398 338
398 337
398 336
398 335
398 334
398 333
398 332
398 331
398 330
398 329
398 328
398 327
398 326
398 324
398 323
398 322
398 321
398 320
398 319
398 318
398 317
398 316
398 315
398 314
398 313
398 312
398 311
398 310
398 309
398 308
398 307
398 306
398 305
398 304
398 303
398 302
398 301
398 299
398 298
398 297
398 296
398 295
398 294
398 293
398 292
398 291
398 290
398 289
398 288
398 287
398 286
398 285
398 284
398 283
398 282
398 281
398 280
398 279
398 278
398 277
398 276
398 274
398 273
398 272
398 271
398 270
398 269
398 268
398 267
398 266
398 265
398 264
398 263
398 262
398 261
398 260
398 259
398 258
398 257
398 256
398 255
398 254
398 253
398 252
398 251
398 249
398 248
398 247
398 246
398 245
398 244
398 243
398 242
398 241
398 240
398 239
398 238
398 237
398 236
398 235
398 234
398 233
398 232
398 231
398 230
398 229
398 228
398 227
398 226
398 224
398 223
398 222
398 221
398 220
398 219
398 218
398 217
398 216
398 215
398 214
398 213
398 212
398 211
398 210
398 209
398 208
398 207
398 206
398 205
398 204
398 203
398 202
398 201
398 199
398 198
398 197
398 196
398 195
398 194
398 193
398 192
398 191
398 190
398 189
398 188
398 187
398 186
398 185
398 184
398 183
398 182
398 181
398 180
398 179
398 178
398 177
398 176
398 174
398 173
398 172
398 171
398 170
398 169
398 168
398 167
398 166
398 165
398 164
398 163
398 162
398 161
398 160
398 159
398 158
398 157
398 156
398 155
398 154
398 153
398 152
398 151
398 149
398 148
398 147
398 146
398 145
398 144
398 143
398 142
398 141
398 140
398 139
398 138
398 137
398 136
398 135
398 134
398 133
398 132
398 131
398 130
398 129
398 128
398 127
398 126
398 124
398 123
398 122
398 121
398 120
398 119
398 118
398 117
398 116
398 115
398 114
398 113
398 112
398 111
398 110
398 109
398 108
398 107
398 106
398 105
398 104
398 103
398 102
398 101
398 99
398 98
398 97
398 96
398 95
398 94
398 93
398 92
398 91
398 90
398 89
398 88
398 87
398 86
398 85
398 84
398 83
398 82
398 81
398 80
398 79
398 78
398 77
398 76
398 74
399 238
399 237
399 236
399 235
399 234
399 233
399 232
399 231
399 230
399 229
399 228
399 227
399 226
399 224
399 223
399 222
399 221
399 220
399 219
399 218
399 217
399 216
399 215
399 214
399 213
399 212
399 211
399 210
399 209
399 208
399 207
399 206
399 205
399 204
399 203
399 202
399 201
399 199
399 198
399 197
399 196
399 195
399 194
399 193
399 192
399 191
399 190
399 189
399 188
399 187
399 186
399 185
399 184
399 183
399 182
399 181
399 180
399 179
399 178
399 177
399 176
399 174
399 173
399 172
399 171
399 170
399 169
399 168
399 167
399 166
399 165
399 164
399 163
399 162
399 161
399 160
399 159
399 158
399 157
399 156
399 155
399 154
399 153
399 152
399 151
399 149
399 148
399 147
399 146
399 145
399 144
399 143
399 142
399 141
399 140
399 139
399 138
399 137
399 136
399 135
399 134
399 133
399 132
399 131
399 130
399 129
399 128
399 127
399 126
399 124
399 123
399 122
399 121
399 120
399 119
399 118
399 117
399 116
399 115
399 114
399 113
399 112
399 111
399 110
399 109
399 108
399 107
399 106
399 105
399 104
399 103
399 102
399 101
399 99
399 98
399 97
399 96
399 95
399 94
399 93
399 92
399 91
